monticulo|0,2|
pila|
monticulo|0,2|1,4|
pila|
monticulo|0,2|1,4|
pila|0,undefined|1,undefined|2,undefined|3,undefined|4,0|


monticulo|0,2|1,4|
pila|0,undefined|1,undefined|2,undefined|3,undefined|4,0|5,0|


monticulo|0,2|1,4|
pila|0,undefined|1,undefined|2,undefined|3,undefined|4,0|5,0|6,2|


monticulo|0,2|1,4|
pila|0,undefined|1,undefined|2,undefined|3,undefined|4,0|5,0|6,2|7,0|


llamada initArray apuntador:3
monticulo|0,2|1,4|
pila|0,undefined|1,undefined|2,undefined|3,2|4,0|5,0|6,2|7,0|


monticulo|0,2|1,4|2,2|
pila|0,undefined|1,undefined|2,undefined|3,2|4,0|5,0|6,2|7,0|
monticulo|0,2|1,4|2,2|
pila|0,undefined|1,undefined|2,undefined|3,2|4,0|5,0|6,2|7,0|8,7|


monticulo|0,2|1,4|2,2|
pila|0,undefined|1,undefined|2,undefined|3,2|4,0|5,0|6,2|7,0|8,7|9,0|


monticulo|0,2|1,4|2,2|
pila|0,undefined|1,undefined|2,undefined|3,2|4,0|5,0|6,2|7,0|8,7|9,0|10,0|


monticulo|0,2|1,4|2,2|
pila|0,undefined|1,undefined|2,undefined|3,2|4,0|5,0|6,2|7,0|8,7|9,0|10,0|11,2|


monticulo|0,2|1,4|2,2|
pila|0,undefined|1,undefined|2,undefined|3,2|4,0|5,0|6,2|7,0|8,7|9,0|10,0|11,2|12,0|


monticulo|0,2|1,4|2,2|
pila|0,undefined|1,undefined|2,undefined|3,2|4,0|5,0|6,2|7,0|8,7|9,0|10,0|11,2|12,0|13,0|


monticulo|0,2|1,4|2,2|
pila|0,undefined|1,undefined|2,undefined|3,2|4,0|5,0|6,2|7,0|8,7|9,0|10,0|11,2|12,0|13,0|14,2|


monticulo|0,2|1,4|2,2|
pila|0,undefined|1,undefined|2,undefined|3,2|4,0|5,0|6,2|7,0|8,7|9,0|10,0|11,2|12,0|13,0|14,2|15,3|


monticulo|0,2|1,4|2,2|
pila|0,undefined|1,undefined|2,undefined|3,2|4,0|5,0|6,2|7,0|8,7|9,0|10,0|11,2|12,0|13,0|14,2|15,3|16,0|


monticulo|0,2|1,4|2,2|
pila|0,undefined|1,undefined|2,undefined|3,2|4,0|5,0|6,2|7,0|8,7|9,0|10,0|11,2|12,0|13,0|14,2|15,3|16,0|17,1|


monticulo|0,2|1,4|2,2|
pila|0,undefined|1,undefined|2,undefined|3,2|4,0|5,0|6,2|7,0|8,7|9,0|10,0|11,2|12,0|13,0|14,2|15,3|16,0|17,1|18,1|


monticulo|0,2|1,4|2,2|
pila|0,undefined|1,undefined|2,undefined|3,2|4,0|5,0|6,2|7,0|8,7|9,0|10,0|11,2|12,0|13,0|14,2|15,3|16,0|17,1|18,1|19,undefined|20,1|


monticulo|0,2|1,4|2,2|
pila|0,undefined|1,undefined|2,undefined|3,2|4,0|5,0|6,2|7,0|8,7|9,0|10,0|11,2|12,0|13,0|14,2|15,3|16,0|17,1|18,1|19,undefined|20,1|21,0|


monticulo|0,2|1,4|2,2|
pila|0,undefined|1,undefined|2,undefined|3,2|4,0|5,0|6,2|7,0|8,7|9,0|10,0|11,2|12,0|13,0|14,2|15,3|16,0|17,1|18,1|19,undefined|20,1|21,0|22,1|


monticulo|0,2|1,4|2,2|
pila|0,undefined|1,undefined|2,undefined|3,2|4,0|5,0|6,2|7,0|8,7|9,0|10,0|11,2|12,0|13,0|14,2|15,3|16,0|17,1|18,1|19,undefined|20,1|21,0|22,1|23,0|


llamada initArray apuntador:19
monticulo|0,2|1,4|2,2|
pila|0,undefined|1,undefined|2,undefined|3,2|4,0|5,0|6,2|7,0|8,7|9,0|10,0|11,2|12,0|13,0|14,2|15,3|16,0|17,1|18,1|19,5|20,1|21,0|22,1|23,0|


monticulo|0,2|1,4|2,2|3,undefined|4,undefined|5,4|
pila|0,undefined|1,undefined|2,undefined|3,2|4,0|5,0|6,2|7,0|8,7|9,0|10,0|11,2|12,0|13,0|14,2|15,3|16,0|17,1|18,1|19,5|20,1|21,0|22,1|23,0|
monticulo|0,2|1,4|2,2|3,undefined|4,undefined|5,4|6,0|
pila|0,undefined|1,undefined|2,undefined|3,2|4,0|5,0|6,2|7,0|8,7|9,0|10,0|11,2|12,0|13,0|14,2|15,3|16,0|17,1|18,1|19,5|20,1|21,0|22,1|23,0|
monticulo|0,2|1,4|2,2|3,undefined|4,undefined|5,4|6,0|7,0|
pila|0,undefined|1,undefined|2,undefined|3,2|4,0|5,0|6,2|7,0|8,7|9,0|10,0|11,2|12,0|13,0|14,2|15,3|16,0|17,1|18,1|19,5|20,1|21,0|22,1|23,0|
monticulo|0,2|1,4|2,2|3,undefined|4,undefined|5,4|6,0|7,0|8,0|
pila|0,undefined|1,undefined|2,undefined|3,2|4,0|5,0|6,2|7,0|8,7|9,0|10,0|11,2|12,0|13,0|14,2|15,3|16,0|17,1|18,1|19,5|20,1|21,0|22,1|23,0|
monticulo|0,2|1,4|2,2|3,undefined|4,undefined|5,4|6,0|7,0|8,0|9,0|
pila|0,undefined|1,undefined|2,undefined|3,2|4,0|5,0|6,2|7,0|8,7|9,0|10,0|11,2|12,0|13,0|14,2|15,3|16,0|17,1|18,1|19,5|20,1|21,0|22,1|23,0|
monticulo|0,2|1,4|2,2|3,5|4,undefined|5,4|6,0|7,0|8,0|9,0|
pila|0,undefined|1,undefined|2,undefined|3,2|4,0|5,0|6,2|7,0|8,7|9,0|10,0|11,2|12,0|13,0|14,2|15,3|16,0|17,1|18,1|19,5|20,1|21,0|22,1|23,0|
monticulo|0,2|1,4|2,2|3,5|4,undefined|5,4|6,0|7,0|8,0|9,0|
pila|0,undefined|1,undefined|2,undefined|3,2|4,0|5,0|6,2|7,0|8,7|9,0|10,0|11,2|12,0|13,0|14,2|15,3|16,0|17,1|18,1|19,5|20,1|21,0|22,1|23,0|


monticulo|0,2|1,4|2,2|3,5|4,undefined|5,4|6,0|7,0|8,0|9,0|
pila|0,undefined|1,undefined|2,undefined|3,2|4,0|5,0|6,2|7,0|8,7|9,0|10,0|11,2|12,0|13,0|14,2|15,3|16,0|17,1|18,1|19,5|20,1|21,0|22,1|23,0|


monticulo|0,2|1,4|2,2|3,5|4,undefined|5,4|6,0|7,0|8,0|9,0|
pila|0,undefined|1,undefined|2,undefined|3,2|4,0|5,0|6,2|7,0|8,7|9,0|10,0|11,2|12,0|13,0|14,2|15,3|16,0|17,1|18,1|19,5|20,1|21,0|22,1|23,0|


monticulo|0,2|1,4|2,2|3,5|4,undefined|5,4|6,0|7,0|8,0|9,0|
pila|0,undefined|1,undefined|2,undefined|3,2|4,0|5,0|6,2|7,0|8,7|9,0|10,0|11,2|12,0|13,0|14,2|15,3|16,0|17,1|18,1|19,5|20,1|21,0|22,1|23,0|


monticulo|0,2|1,4|2,2|3,5|4,undefined|5,4|6,0|7,0|8,0|9,0|
pila|0,undefined|1,undefined|2,undefined|3,2|4,0|5,0|6,2|7,0|8,7|9,0|10,0|11,2|12,0|13,0|14,2|15,3|16,0|17,1|18,1|19,5|20,1|21,0|22,1|23,0|


monticulo|0,2|1,4|2,2|3,5|4,undefined|5,4|6,0|7,0|8,0|9,0|
pila|0,undefined|1,undefined|2,undefined|3,2|4,0|5,0|6,2|7,0|8,7|9,0|10,0|11,2|12,0|13,0|14,2|15,3|16,0|17,1|18,1|19,5|20,1|21,0|22,1|23,0|


monticulo|0,2|1,4|2,2|3,5|4,undefined|5,4|6,0|7,0|8,0|9,0|
pila|0,undefined|1,undefined|2,undefined|3,2|4,0|5,0|6,2|7,0|8,7|9,0|10,0|11,2|12,0|13,0|14,2|15,3|16,0|17,1|18,1|19,5|20,1|21,0|22,1|23,0|


monticulo|0,2|1,4|2,2|3,5|4,undefined|5,4|6,0|7,0|8,0|9,0|
pila|0,undefined|1,undefined|2,undefined|3,2|4,0|5,0|6,2|7,0|8,7|9,0|10,0|11,2|12,0|13,0|14,2|15,3|16,0|17,1|18,1|19,5|20,1|21,0|22,1|23,0|


monticulo|0,2|1,4|2,2|3,5|4,undefined|5,4|6,0|7,0|8,0|9,0|
pila|0,undefined|1,undefined|2,undefined|3,2|4,0|5,0|6,2|7,0|8,7|9,0|10,0|11,2|12,0|13,0|14,2|15,3|16,1|17,1|18,1|19,5|20,1|21,0|22,1|23,0|


monticulo|0,2|1,4|2,2|3,5|4,undefined|5,4|6,0|7,0|8,0|9,0|
pila|0,undefined|1,undefined|2,undefined|3,2|4,0|5,0|6,2|7,0|8,7|9,0|10,0|11,2|12,0|13,0|14,2|15,3|16,1|17,1|18,1|19,5|20,1|21,0|22,1|23,0|


monticulo|0,2|1,4|2,2|3,5|4,undefined|5,4|6,0|7,0|8,0|9,0|
pila|0,undefined|1,undefined|2,undefined|3,2|4,0|5,0|6,2|7,0|8,7|9,0|10,0|11,2|12,0|13,0|14,2|15,3|16,1|17,1|18,1|19,5|20,1|21,0|22,1|23,0|


monticulo|0,2|1,4|2,2|3,5|4,undefined|5,4|6,0|7,0|8,0|9,0|
pila|0,undefined|1,undefined|2,undefined|3,2|4,0|5,0|6,2|7,0|8,7|9,0|10,0|11,2|12,0|13,0|14,2|15,3|16,1|17,1|18,1|19,5|20,1|21,0|22,1|23,0|


monticulo|0,2|1,4|2,2|3,5|4,undefined|5,4|6,0|7,0|8,0|9,0|
pila|0,undefined|1,undefined|2,undefined|3,2|4,0|5,0|6,2|7,0|8,7|9,0|10,0|11,2|12,0|13,0|14,2|15,3|16,1|17,1|18,1|19,5|20,1|21,0|22,1|23,0|


monticulo|0,2|1,4|2,2|3,5|4,undefined|5,4|6,0|7,0|8,0|9,0|
pila|0,undefined|1,undefined|2,undefined|3,2|4,0|5,0|6,2|7,0|8,7|9,0|10,0|11,2|12,0|13,0|14,2|15,3|16,1|17,1|18,1|19,5|20,1|21,0|22,1|23,0|


monticulo|0,2|1,4|2,2|3,5|4,undefined|5,4|6,0|7,0|8,0|9,0|
pila|0,undefined|1,undefined|2,undefined|3,2|4,0|5,0|6,2|7,0|8,7|9,0|10,0|11,2|12,0|13,0|14,2|15,3|16,1|17,1|18,1|19,5|20,1|21,0|22,1|23,0|


llamada initArray apuntador:19
monticulo|0,2|1,4|2,2|3,5|4,undefined|5,4|6,0|7,0|8,0|9,0|
pila|0,undefined|1,undefined|2,undefined|3,2|4,0|5,0|6,2|7,0|8,7|9,0|10,0|11,2|12,0|13,0|14,2|15,3|16,1|17,1|18,1|19,10|20,1|21,0|22,1|23,0|


monticulo|0,2|1,4|2,2|3,5|4,undefined|5,4|6,0|7,0|8,0|9,0|10,4|
pila|0,undefined|1,undefined|2,undefined|3,2|4,0|5,0|6,2|7,0|8,7|9,0|10,0|11,2|12,0|13,0|14,2|15,3|16,1|17,1|18,1|19,10|20,1|21,0|22,1|23,0|
monticulo|0,2|1,4|2,2|3,5|4,undefined|5,4|6,0|7,0|8,0|9,0|10,4|11,0|
pila|0,undefined|1,undefined|2,undefined|3,2|4,0|5,0|6,2|7,0|8,7|9,0|10,0|11,2|12,0|13,0|14,2|15,3|16,1|17,1|18,1|19,10|20,1|21,0|22,1|23,0|
monticulo|0,2|1,4|2,2|3,5|4,undefined|5,4|6,0|7,0|8,0|9,0|10,4|11,0|12,0|
pila|0,undefined|1,undefined|2,undefined|3,2|4,0|5,0|6,2|7,0|8,7|9,0|10,0|11,2|12,0|13,0|14,2|15,3|16,1|17,1|18,1|19,10|20,1|21,0|22,1|23,0|
monticulo|0,2|1,4|2,2|3,5|4,undefined|5,4|6,0|7,0|8,0|9,0|10,4|11,0|12,0|13,0|
pila|0,undefined|1,undefined|2,undefined|3,2|4,0|5,0|6,2|7,0|8,7|9,0|10,0|11,2|12,0|13,0|14,2|15,3|16,1|17,1|18,1|19,10|20,1|21,0|22,1|23,0|
monticulo|0,2|1,4|2,2|3,5|4,undefined|5,4|6,0|7,0|8,0|9,0|10,4|11,0|12,0|13,0|14,0|
pila|0,undefined|1,undefined|2,undefined|3,2|4,0|5,0|6,2|7,0|8,7|9,0|10,0|11,2|12,0|13,0|14,2|15,3|16,1|17,1|18,1|19,10|20,1|21,0|22,1|23,0|
monticulo|0,2|1,4|2,2|3,5|4,10|5,4|6,0|7,0|8,0|9,0|10,4|11,0|12,0|13,0|14,0|
pila|0,undefined|1,undefined|2,undefined|3,2|4,0|5,0|6,2|7,0|8,7|9,0|10,0|11,2|12,0|13,0|14,2|15,3|16,1|17,1|18,1|19,10|20,1|21,0|22,1|23,0|
monticulo|0,2|1,4|2,2|3,5|4,10|5,4|6,0|7,0|8,0|9,0|10,4|11,0|12,0|13,0|14,0|
pila|0,undefined|1,2|2,undefined|3,2|4,0|5,0|6,2|7,0|8,7|9,0|10,0|11,2|12,0|13,0|14,2|15,3|16,1|17,1|18,1|19,10|20,1|21,0|22,1|23,0|


